250 7 2
1.000000000000000000e+00 6.052631578947368363e-01 5.391304347826086918e-01 6.622516556291391243e-02 1.298701298701298579e-01 1.712328767123287576e-02 1.000000000000000056e-01
0.000000000000000000e+00 7.368421052631578538e-01 4.695652173913043570e-01 2.317880794701986658e-01 4.155844155844156118e-01 3.527397260273972823e-01 8.000000000000000444e-01
1.000000000000000000e+00 7.631578947368421462e-01 2.869565217391304435e-01 1.721854304635761501e-01 1.688311688311688319e-01 7.534246575342465335e-02 2.500000000000000139e-02
1.000000000000000000e+00 7.631578947368421462e-01 3.043478260869565410e-01 1.125827814569536484e-01 1.688311688311688319e-01 7.191780821917807820e-02 1.000000000000000056e-01
0.000000000000000000e+00 7.105263157894736725e-01 3.826086956521739246e-01 7.284768211920529535e-02 1.168831168831168804e-01 3.082191780821917637e-02 2.999999999999999889e-01
0.000000000000000000e+00 4.736842105263157632e-01 2.695652173913043459e-01 1.523178807947019875e-01 1.298701298701298579e-01 2.397260273972602607e-02 2.500000000000000139e-02
0.000000000000000000e+00 8.684210526315789824e-01 3.739130434782608758e-01 6.556291390728476998e-01 6.753246753246753276e-01 3.732876712328767055e-01 2.999999999999999889e-01
1.000000000000000000e+00 6.315789473684210176e-01 5.739130434782608869e-01 1.258278145695364281e-01 1.688311688311688319e-01 3.390410958904109817e-01 1.499999999999999944e-01
1.000000000000000000e+00 7.368421052631578538e-01 3.130434782608695898e-01 2.450331125827814593e-01 3.246753246753246724e-01 1.472602739726027454e-01 5.000000000000000278e-02
1.000000000000000000e+00 5.263157894736841813e-01 2.695652173913043459e-01 2.847682119205298124e-01 3.636363636363636465e-01 5.821917808219177759e-02 2.500000000000000139e-02
0.000000000000000000e+00 3.421052631578947456e-01 4.000000000000000222e-01 1.324503311258278249e-01 1.688311688311688319e-01 8.904109589041095396e-02 2.500000000000000139e-02
1.000000000000000000e+00 5.263157894736841813e-01 2.434782608695652273e-01 1.456953642384105907e-01 2.467532467532467522e-01 6.164383561643835274e-02 5.000000000000000278e-02
1.000000000000000000e+00 5.526315789473684736e-01 3.043478260869565410e-01 2.119205298013245031e-01 2.857142857142856984e-01 1.849315068493150582e-01 2.500000000000000139e-02
0.000000000000000000e+00 7.368421052631578538e-01 3.478260869565217295e-01 1.456953642384105907e-01 1.688311688311688319e-01 4.452054794520547698e-02 2.500000000000000000e-01
0.000000000000000000e+00 5.789473684210526550e-01 1.565217391304347949e-01 1.788079470198675469e-01 1.818181818181818232e-01 3.767123287671232668e-02 2.500000000000000139e-02
1.000000000000000000e+00 8.157894736842105088e-01 4.000000000000000222e-01 3.245033112582781376e-01 4.935064935064935043e-01 6.780821917808219634e-01 5.999999999999999778e-01
1.000000000000000000e+00 6.578947368421053099e-01 4.869565217391304546e-01 9.271523178807947185e-02 1.298701298701298579e-01 6.506849315068492789e-02 2.500000000000000139e-02
1.000000000000000000e+00 6.578947368421053099e-01 3.826086956521739246e-01 3.973509933774834607e-02 1.428571428571428492e-01 3.767123287671232668e-02 2.000000000000000111e-01
1.000000000000000000e+00 5.526315789473684736e-01 5.304347826086956985e-01 9.271523178807947185e-02 1.168831168831168804e-01 3.767123287671232668e-02 2.500000000000000139e-02
1.000000000000000000e+00 5.263157894736841813e-01 3.652173913043478271e-01 1.258278145695364281e-01 3.116883116883116811e-01 3.424657534246575152e-02 2.500000000000000139e-02
1.000000000000000000e+00 6.052631578947368363e-01 2.086956521739130321e-01 1.920529801324503405e-01 2.727272727272727071e-01 8.219178082191780366e-02 1.000000000000000056e-01
1.000000000000000000e+00 5.526315789473684736e-01 8.695652173913043237e-01 1.059602649006622516e-01 2.597402597402597157e-01 6.164383561643835274e-02 5.000000000000000000e-01
1.000000000000000000e+00 8.684210526315789824e-01 1.739130434782608647e-01 2.052980132450331063e-01 2.337662337662337608e-01 2.191780821917808098e-01 2.999999999999999889e-01
1.000000000000000000e+00 6.842105263157894912e-01 3.478260869565217295e-01 8.609271523178807506e-02 1.558441558441558406e-01 1.404109589041095951e-01 2.000000000000000111e-01
0.000000000000000000e+00 6.842105263157894912e-01 4.956521739130435034e-01 1.125827814569536484e-01 1.818181818181818232e-01 3.082191780821917637e-02 5.000000000000000278e-02
0.000000000000000000e+00 7.105263157894736725e-01 3.217391304347825831e-01 1.258278145695364281e-01 1.298701298701298579e-01 4.794520547945205213e-02 5.000000000000000278e-02
0.000000000000000000e+00 6.315789473684210176e-01 5.130434782608696009e-01 1.258278145695364281e-01 1.168831168831168804e-01 1.027397260273972546e-01 2.500000000000000139e-02
1.000000000000000000e+00 6.315789473684210176e-01 5.826086956521738802e-01 7.284768211920529535e-02 1.558441558441558406e-01 6.849315068493150305e-02 2.000000000000000111e-01
0.000000000000000000e+00 7.105263157894736725e-01 4.086956521739130710e-01 1.324503311258278249e-01 1.038961038961039030e-01 7.191780821917807820e-02 2.500000000000000139e-02
0.000000000000000000e+00 6.052631578947368363e-01 3.913043478260869734e-01 1.523178807947019875e-01 2.077922077922078059e-01 7.191780821917807820e-02 1.499999999999999944e-01
1.000000000000000000e+00 6.842105263157894912e-01 4.434782608695652106e-01 5.496688741721854621e-01 5.844155844155843882e-01 2.123287671232876594e-01 2.999999999999999889e-01
1.000000000000000000e+00 7.631578947368421462e-01 2.173913043478260809e-01 4.635761589403973593e-02 2.337662337662337608e-01 1.301369863013698558e-01 2.500000000000000139e-02
0.000000000000000000e+00 6.052631578947368363e-01 3.391304347826086807e-01 1.059602649006622516e-01 1.558441558441558406e-01 1.369863013698630061e-02 2.500000000000000139e-02
1.000000000000000000e+00 8.421052631578946901e-01 6.086956521739130821e-01 1.125827814569536484e-01 1.948051948051948146e-01 2.157534246575342485e-01 2.999999999999999889e-01
1.000000000000000000e+00 7.368421052631578538e-01 3.130434782608695898e-01 8.609271523178807506e-02 1.948051948051948146e-01 3.082191780821917637e-02 4.000000000000000222e-01
1.000000000000000000e+00 6.842105263157894912e-01 2.000000000000000111e-01 1.721854304635761501e-01 2.467532467532467522e-01 1.164383561643835552e-01 3.499999999999999778e-01
1.000000000000000000e+00 5.789473684210526550e-01 4.521739130434782594e-01 2.185430463576158999e-01 1.818181818181818232e-01 2.226027397260273988e-01 1.000000000000000056e-01
1.000000000000000000e+00 7.105263157894736725e-01 4.347826086956521618e-01 1.920529801324503405e-01 3.766233766233766378e-01 3.767123287671232945e-01 2.500000000000000000e-01
0.000000000000000000e+00 6.315789473684210176e-01 1.043478260869565161e-01 1.523178807947019875e-01 3.116883116883116811e-01 4.109589041095890183e-02 2.000000000000000111e-01
1.000000000000000000e+00 6.315789473684210176e-01 3.913043478260869734e-01 1.456953642384105907e-01 4.415584415584415390e-01 1.267123287671232945e-01 2.500000000000000139e-02
0.000000000000000000e+00 7.894736842105263275e-01 4.695652173913043570e-01 1.721854304635761501e-01 1.168831168831168804e-01 5.479452054794520244e-02 2.500000000000000139e-02
0.000000000000000000e+00 6.842105263157894912e-01 3.652173913043478271e-01 8.609271523178807506e-02 0.000000000000000000e+00 6.849315068493150305e-03 2.000000000000000111e-01
1.000000000000000000e+00 8.157894736842105088e-01 4.086956521739130710e-01 1.125827814569536484e-01 2.727272727272727071e-01 5.479452054794520244e-02 2.000000000000000111e-01
1.000000000000000000e+00 5.526315789473684736e-01 3.739130434782608758e-01 1.192052980132450313e-01 2.467532467532467522e-01 7.191780821917807820e-02 5.000000000000000000e-01
1.000000000000000000e+00 5.789473684210526550e-01 5.999999999999999778e-01 1.125827814569536484e-01 2.207792207792207695e-01 1.095890410958904049e-01 5.000000000000000278e-02
1.000000000000000000e+00 8.157894736842105088e-01 4.434782608695652106e-01 1.523178807947019875e-01 2.597402597402597157e-01 1.301369863013698558e-01 2.999999999999999889e-01
0.000000000000000000e+00 7.105263157894736725e-01 2.608695652173912971e-01 3.112582781456953440e-01 3.636363636363636465e-01 2.979452054794520799e-01 2.999999999999999889e-01
0.000000000000000000e+00 8.684210526315789824e-01 3.043478260869565410e-01 1.920529801324503405e-01 2.077922077922078059e-01 7.876712328767122850e-02 1.000000000000000056e-01
0.000000000000000000e+00 6.842105263157894912e-01 4.173913043478260643e-01 5.298013245033112578e-02 2.207792207792207695e-01 2.054794520547945091e-02 1.499999999999999944e-01
0.000000000000000000e+00 6.842105263157894912e-01 6.869565217391304657e-01 8.609271523178807506e-02 1.038961038961039030e-01 4.794520547945205213e-02 2.500000000000000139e-02
1.000000000000000000e+00 7.105263157894736725e-01 7.391304347826086474e-01 3.245033112582781376e-01 3.636363636363636465e-01 3.047945205479452024e-01 5.999999999999999778e-01
0.000000000000000000e+00 6.315789473684210176e-01 5.130434782608696009e-01 1.920529801324503405e-01 3.506493506493506551e-01 4.452054794520547698e-02 2.500000000000000139e-02
0.000000000000000000e+00 6.578947368421053099e-01 3.391304347826086807e-01 1.192052980132450313e-01 2.077922077922078059e-01 5.479452054794520244e-02 4.000000000000000222e-01
0.000000000000000000e+00 7.894736842105263275e-01 2.347826086956521785e-01 5.960264900662251564e-02 1.168831168831168804e-01 3.424657534246575152e-02 2.999999999999999889e-01
1.000000000000000000e+00 7.631578947368421462e-01 4.173913043478260643e-01 1.390728476821191939e-01 2.727272727272727071e-01 8.904109589041095396e-02 2.500000000000000000e-01
1.000000000000000000e+00 9.210526315789473450e-01 5.217391304347825942e-01 1.390728476821191939e-01 2.467532467532467522e-01 7.876712328767122850e-02 4.000000000000000222e-01
1.000000000000000000e+00 6.052631578947368363e-01 6.086956521739130821e-01 1.655629139072847811e-01 2.857142857142856984e-01 8.904109589041095396e-02 2.000000000000000111e-01
0.000000000000000000e+00 5.263157894736841813e-01 5.999999999999999778e-01 2.715231788079470188e-01 2.857142857142856984e-01 8.904109589041095396e-02 0.000000000000000000e+00
0.000000000000000000e+00 6.578947368421053099e-01 2.434782608695652273e-01 1.258278145695364281e-01 1.558441558441558406e-01 7.534246575342465335e-02 1.499999999999999944e-01
1.000000000000000000e+00 6.842105263157894912e-01 4.521739130434782594e-01 1.324503311258278249e-01 2.207792207792207695e-01 2.054794520547945091e-02 2.500000000000000139e-02
1.000000000000000000e+00 6.315789473684210176e-01 6.782608695652173614e-01 9.271523178807947185e-02 2.597402597402597157e-01 2.739726027397260122e-02 2.500000000000000139e-02
1.000000000000000000e+00 7.105263157894736725e-01 3.217391304347825831e-01 1.721854304635761501e-01 2.857142857142856984e-01 1.000000000000000000e+00 1.000000000000000056e-01
1.000000000000000000e+00 3.684210526315789269e-01 1.391304347826086973e-01 6.622516556291391243e-02 1.818181818181818232e-01 1.369863013698630061e-02 2.500000000000000139e-02
1.000000000000000000e+00 4.210526315789473450e-01 3.304347826086956319e-01 1.854304635761589437e-01 4.155844155844156118e-01 1.643835616438356073e-01 1.499999999999999944e-01
1.000000000000000000e+00 4.473684210526315819e-01 3.913043478260869734e-01 1.059602649006622516e-01 2.207792207792207695e-01 1.369863013698630061e-02 2.000000000000000111e-01
1.000000000000000000e+00 4.473684210526315819e-01 4.434782608695652106e-01 2.251655629139072967e-01 2.987012987012986898e-01 1.472602739726027454e-01 2.500000000000000139e-02
1.000000000000000000e+00 6.315789473684210176e-01 4.434782608695652106e-01 9.933774834437085477e-02 2.337662337662337608e-01 3.767123287671232668e-02 2.500000000000000139e-02
1.000000000000000000e+00 5.526315789473684736e-01 2.695652173913043459e-01 1.456953642384105907e-01 3.246753246753246724e-01 2.739726027397260122e-02 2.500000000000000139e-02
1.000000000000000000e+00 7.368421052631578538e-01 1.913043478260869623e-01 4.635761589403973593e-02 1.168831168831168804e-01 5.479452054794520244e-02 2.000000000000000111e-01
0.000000000000000000e+00 6.052631578947368363e-01 6.173913043478260754e-01 1.456953642384105907e-01 1.688311688311688319e-01 1.027397260273972546e-02 2.500000000000000139e-02
1.000000000000000000e+00 5.526315789473684736e-01 4.782608695652174058e-01 2.847682119205298124e-01 4.415584415584415390e-01 3.493150684931506933e-01 2.500000000000000000e-01
0.000000000000000000e+00 5.789473684210526550e-01 4.173913043478260643e-01 1.920529801324503405e-01 1.948051948051948146e-01 5.821917808219177759e-02 1.000000000000000056e-01
1.000000000000000000e+00 7.894736842105263275e-01 4.956521739130435034e-01 3.046357615894039750e-01 7.662337662337662669e-01 1.712328767123287576e-01 5.000000000000000000e-01
1.000000000000000000e+00 8.421052631578946901e-01 1.826086956521739135e-01 7.218543046357616122e-01 5.194805194805194315e-01 4.965753424657534110e-01 2.500000000000000000e-01
0.000000000000000000e+00 6.578947368421053099e-01 3.304347826086956319e-01 1.589403973509933843e-01 3.116883116883116811e-01 8.904109589041095396e-02 1.000000000000000056e-01
1.000000000000000000e+00 6.578947368421053099e-01 1.913043478260869623e-01 1.920529801324503405e-01 3.766233766233766378e-01 7.534246575342465335e-02 2.500000000000000139e-02
1.000000000000000000e+00 6.315789473684210176e-01 3.652173913043478271e-01 1.456953642384105907e-01 1.688311688311688319e-01 1.061643835616438297e-01 1.499999999999999944e-01
1.000000000000000000e+00 5.526315789473684736e-01 2.782608695652173947e-01 1.655629139072847811e-01 3.896103896103896291e-01 3.527397260273972823e-01 2.000000000000000111e-01
0.000000000000000000e+00 6.842105263157894912e-01 3.913043478260869734e-01 1.523178807947019875e-01 2.727272727272727071e-01 3.082191780821917637e-02 8.000000000000000444e-01
0.000000000000000000e+00 7.105263157894736725e-01 6.086956521739130821e-01 3.576158940397350938e-01 3.896103896103896291e-01 3.938356164383561842e-01 3.499999999999999778e-01
0.000000000000000000e+00 7.368421052631578538e-01 4.086956521739130710e-01 2.781456953642383878e-01 3.246753246753246724e-01 9.589041095890410427e-02 4.000000000000000222e-01
0.000000000000000000e+00 6.315789473684210176e-01 8.000000000000000444e-01 8.609271523178807506e-02 2.857142857142856984e-01 6.849315068493150305e-03 2.500000000000000139e-02
0.000000000000000000e+00 7.631578947368421462e-01 3.652173913043478271e-01 2.251655629139072967e-01 2.857142857142856984e-01 4.109589041095890183e-02 1.499999999999999944e-01
1.000000000000000000e+00 6.842105263157894912e-01 2.782608695652173947e-01 0.000000000000000000e+00 3.896103896103896014e-02 2.739726027397260122e-02 2.500000000000000139e-02
1.000000000000000000e+00 6.578947368421053099e-01 4.086956521739130710e-01 1.390728476821191939e-01 2.337662337662337608e-01 3.664383561643835829e-01 2.500000000000000000e-01
0.000000000000000000e+00 7.894736842105263275e-01 3.217391304347825831e-01 1.456953642384105907e-01 2.207792207792207695e-01 7.876712328767122850e-02 2.999999999999999889e-01
1.000000000000000000e+00 5.263157894736841813e-01 3.043478260869565410e-01 9.271523178807947185e-02 2.467532467532467522e-01 3.767123287671232668e-02 2.500000000000000139e-02
0.000000000000000000e+00 4.473684210526315819e-01 2.173913043478260809e-01 1.523178807947019875e-01 1.298701298701298579e-01 2.397260273972602607e-02 2.500000000000000139e-02
0.000000000000000000e+00 6.052631578947368363e-01 3.739130434782608758e-01 1.258278145695364281e-01 9.090909090909091161e-02 3.424657534246575152e-02 1.499999999999999944e-01
0.000000000000000000e+00 8.684210526315789824e-01 6.782608695652173614e-01 1.788079470198675469e-01 2.727272727272727071e-01 9.246575342465752911e-02 2.999999999999999889e-01
0.000000000000000000e+00 7.105263157894736725e-01 1.565217391304347949e-01 2.185430463576158999e-01 2.207792207792207695e-01 1.095890410958904049e-01 5.000000000000000000e-01
0.000000000000000000e+00 6.842105263157894912e-01 7.304347826086956541e-01 1.059602649006622516e-01 1.948051948051948146e-01 1.746575342465753466e-01 2.500000000000000139e-02
1.000000000000000000e+00 6.578947368421053099e-01 2.347826086956521785e-01 1.456953642384105907e-01 2.207792207792207695e-01 1.643835616438356073e-01 4.000000000000000222e-01
1.000000000000000000e+00 7.894736842105263275e-01 6.086956521739130821e-01 1.125827814569536484e-01 2.857142857142856984e-01 1.438356164383561564e-01 2.999999999999999889e-01
1.000000000000000000e+00 0.000000000000000000e+00 3.478260869565217295e-01 9.933774834437085477e-02 1.948051948051948146e-01 3.082191780821917637e-02 2.500000000000000139e-02
1.000000000000000000e+00 6.315789473684210176e-01 4.260869565217391131e-01 1.920529801324503405e-01 2.857142857142856984e-01 1.712328767123287576e-01 2.000000000000000111e-01
1.000000000000000000e+00 7.105263157894736725e-01 4.347826086956521618e-01 1.324503311258278249e-01 2.077922077922078059e-01 1.472602739726027454e-01 2.000000000000000111e-01
1.000000000000000000e+00 5.526315789473684736e-01 3.826086956521739246e-01 4.635761589403973593e-02 1.298701298701298579e-01 1.027397260273972546e-02 2.000000000000000111e-01
0.000000000000000000e+00 5.789473684210526550e-01 4.173913043478260643e-01 1.854304635761589437e-01 1.818181818181818232e-01 7.534246575342465335e-02 5.000000000000000278e-02
0.000000000000000000e+00 6.578947368421053099e-01 3.826086956521739246e-01 2.052980132450331063e-01 1.818181818181818232e-01 1.027397260273972546e-01 1.000000000000000056e-01
0.000000000000000000e+00 6.842105263157894912e-01 4.956521739130435034e-01 2.185430463576158999e-01 2.337662337662337608e-01 7.534246575342465335e-02 2.000000000000000111e-01
0.000000000000000000e+00 6.842105263157894912e-01 2.695652173913043459e-01 1.390728476821191939e-01 2.207792207792207695e-01 1.027397260273972546e-01 2.000000000000000111e-01
1.000000000000000000e+00 5.789473684210526550e-01 4.086956521739130710e-01 5.298013245033112578e-02 2.987012987012986898e-01 1.712328767123287576e-02 0.000000000000000000e+00
1.000000000000000000e+00 7.631578947368421462e-01 1.739130434782608647e-01 9.933774834437085755e-01 1.000000000000000000e+00 3.972602739726027177e-01 2.000000000000000111e-01
1.000000000000000000e+00 7.368421052631578538e-01 2.260869565217391297e-01 1.523178807947019875e-01 2.077922077922078059e-01 8.219178082191780366e-02 2.000000000000000111e-01
1.000000000000000000e+00 5.789473684210526550e-01 2.869565217391304435e-01 3.178807947019867686e-01 4.935064935064935043e-01 1.712328767123287576e-01 5.000000000000000000e-01
0.000000000000000000e+00 6.578947368421053099e-01 4.347826086956521618e-01 1.324503311258278249e-01 2.337662337662337608e-01 2.054794520547945091e-02 2.500000000000000139e-02
1.000000000000000000e+00 5.789473684210526550e-01 4.000000000000000222e-01 1.192052980132450313e-01 2.727272727272727071e-01 2.054794520547945091e-02 2.500000000000000139e-02
0.000000000000000000e+00 6.578947368421053099e-01 4.608695652173913082e-01 2.185430463576158999e-01 1.818181818181818232e-01 1.541095890410958957e-01 2.999999999999999889e-01
0.000000000000000000e+00 8.947368421052631637e-01 4.000000000000000222e-01 2.715231788079470188e-01 3.506493506493506551e-01 8.561643835616437881e-02 1.499999999999999944e-01
1.000000000000000000e+00 5.263157894736841813e-01 3.565217391304347783e-01 3.642384105960264629e-01 3.506493506493506551e-01 6.164383561643835274e-02 0.000000000000000000e+00
1.000000000000000000e+00 7.105263157894736725e-01 3.043478260869565410e-01 6.622516556291391243e-02 1.428571428571428492e-01 2.739726027397260122e-02 2.500000000000000139e-02
1.000000000000000000e+00 5.000000000000000000e-01 5.999999999999999778e-01 4.238410596026490063e-01 4.155844155844156118e-01 1.335616438356164448e-01 2.500000000000000139e-02
1.000000000000000000e+00 4.736842105263157632e-01 3.913043478260869734e-01 8.609271523178807506e-02 1.948051948051948146e-01 2.260273972602739601e-01 2.500000000000000139e-02
1.000000000000000000e+00 7.105263157894736725e-01 2.869565217391304435e-01 6.622516556291391243e-02 1.428571428571428492e-01 1.712328767123287576e-02 2.500000000000000139e-02
0.000000000000000000e+00 7.105263157894736725e-01 4.695652173913043570e-01 5.430463576158940375e-01 4.675324675324675217e-01 8.904109589041095396e-02 5.000000000000000000e-01
1.000000000000000000e+00 6.842105263157894912e-01 3.391304347826086807e-01 3.642384105960264629e-01 5.454545454545454142e-01 1.883561643835616473e-01 4.000000000000000222e-01
0.000000000000000000e+00 7.105263157894736725e-01 2.695652173913043459e-01 1.192052980132450313e-01 1.948051948051948146e-01 6.849315068493150305e-03 2.500000000000000139e-02
1.000000000000000000e+00 6.052631578947368363e-01 3.304347826086956319e-01 9.933774834437085477e-02 2.077922077922078059e-01 2.739726027397260122e-02 2.500000000000000139e-02
1.000000000000000000e+00 6.842105263157894912e-01 3.913043478260869734e-01 6.622516556291391243e-02 1.948051948051948146e-01 4.794520547945205213e-02 2.000000000000000111e-01
0.000000000000000000e+00 8.684210526315789824e-01 4.695652173913043570e-01 3.377483443708609312e-01 3.896103896103896291e-01 2.876712328767123128e-01 7.500000000000000000e-01
0.000000000000000000e+00 5.000000000000000000e-01 5.217391304347825942e-01 1.059602649006622516e-01 2.597402597402597157e-01 6.849315068493150305e-03 1.499999999999999944e-01
1.000000000000000000e+00 6.842105263157894912e-01 2.782608695652173947e-01 3.311258278145695622e-02 2.597402597402597157e-01 3.767123287671232668e-02 1.000000000000000056e-01
0.000000000000000000e+00 6.842105263157894912e-01 6.347826086956521729e-01 2.052980132450331063e-01 2.207792207792207695e-01 4.452054794520547976e-01 2.500000000000000139e-02
1.000000000000000000e+00 6.842105263157894912e-01 5.478260869565216851e-01 3.178807947019867686e-01 5.454545454545454142e-01 1.609589041095890460e-01 2.000000000000000111e-01
1.000000000000000000e+00 6.052631578947368363e-01 1.217391304347826136e-01 3.311258278145695622e-02 1.298701298701298579e-01 3.767123287671232668e-02 2.999999999999999889e-01
0.000000000000000000e+00 6.315789473684210176e-01 3.391304347826086807e-01 2.516556291390728561e-01 3.246753246753246724e-01 5.136986301369862729e-02 1.499999999999999944e-01
1.000000000000000000e+00 5.263157894736841813e-01 2.521739130434782483e-01 1.192052980132450313e-01 2.337662337662337608e-01 9.931506849315067942e-02 2.000000000000000111e-01
1.000000000000000000e+00 7.368421052631578538e-01 2.347826086956521785e-01 9.271523178807947185e-02 2.597402597402597157e-01 4.109589041095890183e-02 2.999999999999999889e-01
0.000000000000000000e+00 7.631578947368421462e-01 5.217391304347825942e-01 5.099337748344371368e-01 3.766233766233766378e-01 6.712328767123287854e-01 1.000000000000000000e+00
1.000000000000000000e+00 7.105263157894736725e-01 4.521739130434782594e-01 1.456953642384105907e-01 2.727272727272727071e-01 6.506849315068492789e-02 1.499999999999999944e-01
1.000000000000000000e+00 5.263157894736841813e-01 5.391304347826086918e-01 1.390728476821191939e-01 2.727272727272727071e-01 8.561643835616437881e-02 2.500000000000000139e-02
1.000000000000000000e+00 4.736842105263157632e-01 1.913043478260869623e-01 9.933774834437085477e-02 2.077922077922078059e-01 2.739726027397260122e-02 2.000000000000000111e-01
1.000000000000000000e+00 7.105263157894736725e-01 6.782608695652173614e-01 1.986754966887417095e-01 3.246753246753246724e-01 2.020547945205479479e-01 1.000000000000000056e-01
0.000000000000000000e+00 6.052631578947368363e-01 4.434782608695652106e-01 1.788079470198675469e-01 2.597402597402597157e-01 3.424657534246575152e-02 2.500000000000000139e-02
0.000000000000000000e+00 6.315789473684210176e-01 4.695652173913043570e-01 1.456953642384105907e-01 1.948051948051948146e-01 4.794520547945205213e-02 5.000000000000000278e-02
1.000000000000000000e+00 6.842105263157894912e-01 1.826086956521739135e-01 9.271523178807947185e-02 1.688311688311688319e-01 6.164383561643835274e-02 1.000000000000000056e-01
0.000000000000000000e+00 6.842105263157894912e-01 3.826086956521739246e-01 1.854304635761589437e-01 2.727272727272727071e-01 2.739726027397260122e-02 5.000000000000000278e-02
1.000000000000000000e+00 7.631578947368421462e-01 1.913043478260869623e-01 1.059602649006622516e-01 1.428571428571428492e-01 2.397260273972602607e-02 2.500000000000000000e-01
1.000000000000000000e+00 5.789473684210526550e-01 3.130434782608695898e-01 2.185430463576158999e-01 2.857142857142856984e-01 9.931506849315067942e-02 1.000000000000000056e-01
0.000000000000000000e+00 8.157894736842105088e-01 1.826086956521739135e-01 2.516556291390728561e-01 2.337662337662337608e-01 2.328767123287671104e-01 4.000000000000000222e-01
1.000000000000000000e+00 4.473684210526315819e-01 4.260869565217391131e-01 1.788079470198675469e-01 1.948051948051948146e-01 2.705479452054794787e-01 1.499999999999999944e-01
0.000000000000000000e+00 5.526315789473684736e-01 2.173913043478260809e-01 1.059602649006622516e-01 1.948051948051948146e-01 3.424657534246575152e-03 1.499999999999999944e-01
1.000000000000000000e+00 4.736842105263157632e-01 4.782608695652174058e-01 1.788079470198675469e-01 1.818181818181818232e-01 3.767123287671232945e-01 5.000000000000000278e-02
1.000000000000000000e+00 7.894736842105263275e-01 4.347826086956521618e-01 1.059602649006622516e-01 2.597402597402597157e-01 7.534246575342465890e-01 4.000000000000000222e-01
1.000000000000000000e+00 7.368421052631578538e-01 6.608695652173912638e-01 2.119205298013245031e-01 3.766233766233766378e-01 1.472602739726027454e-01 2.999999999999999889e-01
1.000000000000000000e+00 7.894736842105263275e-01 3.391304347826086807e-01 1.324503311258278249e-01 2.337662337662337608e-01 3.082191780821917637e-02 5.000000000000000278e-02
1.000000000000000000e+00 5.789473684210526550e-01 4.608695652173913082e-01 1.192052980132450313e-01 6.493506493506493449e-01 1.369863013698630061e-02 2.000000000000000111e-01
0.000000000000000000e+00 7.105263157894736725e-01 3.739130434782608758e-01 1.125827814569536484e-01 1.428571428571428492e-01 9.589041095890410427e-02 2.500000000000000000e-01
1.000000000000000000e+00 5.789473684210526550e-01 2.521739130434782483e-01 1.125827814569536484e-01 1.818181818181818232e-01 8.561643835616437881e-02 2.500000000000000139e-02
1.000000000000000000e+00 7.105263157894736725e-01 1.478260869565217461e-01 9.933774834437085477e-02 1.948051948051948146e-01 5.479452054794520244e-02 2.000000000000000111e-01
0.000000000000000000e+00 7.105263157894736725e-01 4.956521739130435034e-01 3.973509933774834607e-02 2.727272727272727071e-01 5.136986301369862729e-02 2.999999999999999889e-01
1.000000000000000000e+00 6.052631578947368363e-01 2.260869565217391297e-01 1.059602649006622516e-01 2.207792207792207695e-01 4.794520547945205213e-02 2.500000000000000139e-02
0.000000000000000000e+00 8.421052631578946901e-01 4.173913043478260643e-01 1.655629139072847811e-01 2.207792207792207695e-01 1.609589041095890460e-01 4.000000000000000222e-01
0.000000000000000000e+00 5.526315789473684736e-01 4.869565217391304546e-01 2.185430463576158999e-01 2.987012987012986898e-01 3.082191780821917637e-02 2.500000000000000139e-02
0.000000000000000000e+00 6.315789473684210176e-01 3.478260869565217295e-01 1.192052980132450313e-01 2.857142857142856984e-01 1.712328767123287576e-02 2.000000000000000111e-01
1.000000000000000000e+00 7.368421052631578538e-01 3.043478260869565410e-01 1.059602649006622516e-01 2.337662337662337608e-01 4.452054794520547698e-02 1.000000000000000056e-01
1.000000000000000000e+00 6.578947368421053099e-01 2.521739130434782483e-01 3.973509933774834607e-02 1.558441558441558406e-01 2.397260273972602607e-02 2.500000000000000000e-01
1.000000000000000000e+00 8.157894736842105088e-01 2.782608695652173947e-01 2.913907284768211814e-01 4.415584415584415390e-01 1.267123287671232945e-01 2.000000000000000111e-01
0.000000000000000000e+00 8.947368421052631637e-01 5.478260869565216851e-01 3.576158940397350938e-01 4.805194805194805130e-01 6.780821917808219634e-01 2.999999999999999889e-01
1.000000000000000000e+00 6.578947368421053099e-01 3.478260869565217295e-01 7.947019867549669214e-02 2.077922077922078059e-01 3.082191780821917637e-02 5.000000000000000278e-02
1.000000000000000000e+00 6.052631578947368363e-01 2.000000000000000111e-01 1.655629139072847811e-01 2.207792207792207695e-01 4.452054794520547698e-02 2.500000000000000139e-02
0.000000000000000000e+00 6.842105263157894912e-01 2.956521739130434923e-01 1.920529801324503405e-01 2.337662337662337608e-01 2.397260273972602607e-02 4.000000000000000222e-01
1.000000000000000000e+00 6.842105263157894912e-01 6.086956521739130821e-01 2.052980132450331063e-01 3.766233766233766378e-01 1.095890410958904049e-01 5.000000000000000000e-01
0.000000000000000000e+00 5.526315789473684736e-01 3.739130434782608758e-01 1.589403973509933843e-01 2.467532467532467522e-01 5.479452054794520244e-02 1.000000000000000056e-01
0.000000000000000000e+00 7.105263157894736725e-01 3.130434782608695898e-01 2.052980132450331063e-01 1.038961038961039030e-01 4.794520547945205213e-02 2.500000000000000139e-02
0.000000000000000000e+00 6.052631578947368363e-01 7.304347826086956541e-01 1.986754966887417095e-01 2.077922077922078059e-01 7.534246575342465335e-02 2.500000000000000139e-02
1.000000000000000000e+00 6.315789473684210176e-01 4.608695652173913082e-01 6.622516556291391243e-02 2.077922077922078059e-01 6.506849315068492789e-02 2.000000000000000111e-01
0.000000000000000000e+00 6.315789473684210176e-01 3.826086956521739246e-01 1.258278145695364281e-01 1.428571428571428492e-01 1.712328767123287576e-02 2.500000000000000139e-02
1.000000000000000000e+00 6.052631578947368363e-01 5.913043478260869845e-01 3.443708609271523002e-01 3.896103896103896291e-01 4.143835616438356073e-01 4.500000000000000111e-01
0.000000000000000000e+00 7.368421052631578538e-01 3.913043478260869734e-01 1.324503311258278249e-01 1.688311688311688319e-01 4.794520547945205213e-02 2.999999999999999889e-01
0.000000000000000000e+00 6.578947368421053099e-01 3.565217391304347783e-01 3.774834437086092565e-01 3.506493506493506551e-01 2.739726027397260122e-02 2.500000000000000139e-02
0.000000000000000000e+00 5.789473684210526550e-01 4.521739130434782594e-01 1.390728476821191939e-01 2.077922077922078059e-01 3.082191780821917637e-02 0.000000000000000000e+00
1.000000000000000000e+00 6.315789473684210176e-01 7.478260869565217517e-01 1.456953642384105907e-01 2.597402597402597157e-01 7.534246575342465335e-02 1.000000000000000056e-01
0.000000000000000000e+00 7.894736842105263275e-01 1.130434782608695649e-01 2.251655629139072967e-01 1.818181818181818232e-01 3.424657534246575152e-02 2.999999999999999889e-01
0.000000000000000000e+00 7.368421052631578538e-01 0.000000000000000000e+00 2.052980132450331063e-01 1.948051948051948146e-01 5.136986301369862729e-02 2.500000000000000139e-02
1.000000000000000000e+00 4.473684210526315819e-01 2.869565217391304435e-01 4.172185430463576372e-01 4.285714285714285476e-01 2.979452054794520799e-01 2.999999999999999889e-01
0.000000000000000000e+00 6.315789473684210176e-01 4.869565217391304546e-01 8.609271523178807506e-02 1.558441558441558406e-01 3.767123287671232668e-02 2.500000000000000139e-02
0.000000000000000000e+00 6.578947368421053099e-01 3.217391304347825831e-01 1.390728476821191939e-01 1.818181818181818232e-01 0.000000000000000000e+00 2.500000000000000139e-02
1.000000000000000000e+00 5.526315789473684736e-01 1.826086956521739135e-01 1.125827814569536484e-01 7.792207792207792028e-02 3.424657534246575152e-02 2.500000000000000000e-01
1.000000000000000000e+00 6.315789473684210176e-01 3.478260869565217295e-01 1.324503311258278249e-01 3.116883116883116811e-01 8.219178082191780366e-02 2.999999999999999889e-01
0.000000000000000000e+00 5.526315789473684736e-01 1.826086956521739135e-01 1.324503311258278249e-01 1.298701298701298579e-01 4.452054794520547698e-02 1.000000000000000056e-01
1.000000000000000000e+00 5.526315789473684736e-01 3.043478260869565410e-01 7.947019867549669214e-02 2.337662337662337608e-01 6.164383561643835274e-02 2.500000000000000139e-02
1.000000000000000000e+00 8.947368421052631637e-01 1.652173913043478160e-01 6.622516556291391243e-02 2.077922077922078059e-01 1.506849315068493067e-01 2.500000000000000000e-01
1.000000000000000000e+00 5.263157894736841813e-01 2.347826086956521785e-01 5.298013245033112578e-02 1.688311688311688319e-01 3.082191780821917637e-02 3.499999999999999778e-01
0.000000000000000000e+00 6.578947368421053099e-01 4.956521739130435034e-01 9.933774834437085477e-02 1.168831168831168804e-01 1.267123287671232945e-01 1.000000000000000056e-01
1.000000000000000000e+00 5.000000000000000000e-01 6.434782608695651662e-01 2.450331125827814593e-01 1.948051948051948146e-01 9.246575342465752911e-02 0.000000000000000000e+00
0.000000000000000000e+00 5.263157894736841813e-01 4.869565217391304546e-01 8.609271523178807506e-02 3.896103896103896014e-02 1.369863013698630061e-02 2.500000000000000139e-02
0.000000000000000000e+00 8.421052631578946901e-01 6.173913043478260754e-01 2.582781456953642252e-01 4.935064935064935043e-01 2.636986301369863006e-01 2.999999999999999889e-01
0.000000000000000000e+00 5.263157894736841813e-01 8.347826086956521285e-01 1.721854304635761501e-01 2.727272727272727071e-01 4.109589041095890183e-02 2.500000000000000139e-02
1.000000000000000000e+00 6.578947368421053099e-01 2.956521739130434923e-01 1.788079470198675469e-01 1.688311688311688319e-01 1.095890410958904049e-01 2.000000000000000111e-01
1.000000000000000000e+00 5.526315789473684736e-01 7.478260869565217517e-01 7.947019867549669214e-02 2.207792207792207695e-01 7.876712328767122850e-02 2.999999999999999889e-01
1.000000000000000000e+00 6.315789473684210176e-01 2.173913043478260809e-01 1.854304635761589437e-01 2.207792207792207695e-01 3.082191780821917637e-02 2.000000000000000111e-01
1.000000000000000000e+00 5.789473684210526550e-01 1.913043478260869623e-01 9.933774834437085477e-02 1.038961038961039030e-01 3.767123287671232668e-02 2.000000000000000111e-01
0.000000000000000000e+00 4.473684210526315819e-01 3.391304347826086807e-01 8.609271523178807506e-02 1.558441558441558406e-01 3.424657534246575152e-02 2.500000000000000139e-02
1.000000000000000000e+00 5.000000000000000000e-01 5.130434782608696009e-01 1.125827814569536484e-01 2.077922077922078059e-01 4.794520547945205213e-02 2.500000000000000139e-02
0.000000000000000000e+00 6.315789473684210176e-01 6.782608695652173614e-01 1.523178807947019875e-01 3.766233766233766378e-01 3.082191780821917637e-02 2.500000000000000139e-02
1.000000000000000000e+00 3.684210526315789269e-01 6.782608695652173614e-01 8.609271523178807506e-02 2.857142857142856984e-01 6.164383561643835274e-02 2.000000000000000111e-01
1.000000000000000000e+00 8.684210526315789824e-01 4.434782608695652106e-01 9.536423841059602502e-01 9.090909090909090606e-01 5.273972602739726012e-01 2.500000000000000139e-02
0.000000000000000000e+00 5.000000000000000000e-01 4.956521739130435034e-01 2.847682119205298124e-01 3.636363636363636465e-01 3.150684931506849140e-01 2.500000000000000139e-02
1.000000000000000000e+00 6.052631578947368363e-01 2.000000000000000111e-01 7.284768211920529535e-02 3.636363636363636465e-01 1.712328767123287576e-01 2.000000000000000111e-01
1.000000000000000000e+00 7.105263157894736725e-01 3.304347826086956319e-01 9.271523178807947185e-02 1.038961038961039030e-01 2.602739726027397116e-01 1.499999999999999944e-01
0.000000000000000000e+00 8.157894736842105088e-01 3.913043478260869734e-01 9.271523178807947185e-02 1.818181818181818232e-01 4.794520547945205213e-02 2.500000000000000139e-02
0.000000000000000000e+00 7.105263157894736725e-01 4.956521739130435034e-01 3.973509933774834607e-02 2.727272727272727071e-01 5.136986301369862729e-02 2.999999999999999889e-01
1.000000000000000000e+00 4.736842105263157632e-01 1.478260869565217461e-01 1.655629139072847811e-01 2.597402597402597157e-01 1.130136986301369800e-01 2.500000000000000139e-02
0.000000000000000000e+00 6.052631578947368363e-01 6.260869565217391797e-01 1.390728476821191939e-01 1.818181818181818232e-01 3.082191780821917637e-02 2.000000000000000111e-01
1.000000000000000000e+00 6.578947368421053099e-01 4.260869565217391131e-01 8.609271523178807506e-02 1.818181818181818232e-01 4.794520547945205213e-02 2.999999999999999889e-01
1.000000000000000000e+00 7.368421052631578538e-01 5.304347826086956985e-01 3.576158940397350938e-01 5.454545454545454142e-01 1.952054794520547976e-01 3.499999999999999778e-01
0.000000000000000000e+00 6.578947368421053099e-01 3.826086956521739246e-01 4.834437086092715496e-01 4.415584415584415390e-01 3.732876712328767055e-01 4.000000000000000222e-01
0.000000000000000000e+00 6.052631578947368363e-01 6.347826086956521729e-01 1.589403973509933843e-01 2.077922077922078059e-01 1.198630136986301303e-01 2.500000000000000139e-02
1.000000000000000000e+00 7.631578947368421462e-01 8.173913043478261420e-01 4.834437086092715496e-01 6.623376623376623362e-01 1.609589041095890460e-01 2.000000000000000111e-01
1.000000000000000000e+00 8.684210526315789824e-01 2.347826086956521785e-01 1.523178807947019875e-01 2.597402597402597157e-01 1.643835616438356073e-01 2.000000000000000111e-01
1.000000000000000000e+00 6.315789473684210176e-01 2.434782608695652273e-01 2.450331125827814593e-01 2.207792207792207695e-01 1.472602739726027454e-01 1.000000000000000056e-01
1.000000000000000000e+00 6.052631578947368363e-01 8.608695652173913304e-01 2.052980132450331063e-01 3.116883116883116811e-01 1.267123287671232945e-01 2.500000000000000139e-02
0.000000000000000000e+00 8.684210526315789824e-01 6.608695652173912638e-01 3.509933774834437248e-01 5.194805194805194315e-01 2.054794520547945091e-01 1.000000000000000000e+00
0.000000000000000000e+00 7.105263157894736725e-01 3.391304347826086807e-01 1.059602649006622516e-01 2.337662337662337608e-01 5.136986301369862729e-02 2.999999999999999889e-01
0.000000000000000000e+00 5.789473684210526550e-01 2.695652173913043459e-01 2.450331125827814593e-01 3.116883116883116811e-01 6.164383561643835274e-02 2.999999999999999889e-01
1.000000000000000000e+00 6.842105263157894912e-01 4.260869565217391131e-01 1.000000000000000000e+00 8.181818181818182323e-01 2.636986301369863006e-01 2.500000000000000139e-02
0.000000000000000000e+00 6.578947368421053099e-01 5.565217391304347894e-01 9.933774834437085477e-02 2.597402597402597157e-01 4.794520547945205213e-02 2.500000000000000139e-02
1.000000000000000000e+00 7.894736842105263275e-01 2.347826086956521785e-01 1.655629139072847811e-01 2.597402597402597157e-01 1.541095890410958957e-01 2.500000000000000139e-02
0.000000000000000000e+00 7.631578947368421462e-01 3.652173913043478271e-01 1.192052980132450313e-01 1.688311688311688319e-01 2.054794520547945091e-02 2.500000000000000139e-02
1.000000000000000000e+00 6.842105263157894912e-01 2.956521739130434923e-01 7.284768211920529535e-02 1.428571428571428492e-01 3.767123287671232668e-02 2.000000000000000111e-01
0.000000000000000000e+00 8.947368421052631637e-01 4.521739130434782594e-01 1.456953642384105907e-01 2.467532467532467522e-01 1.232876712328767055e-01 5.999999999999999778e-01
1.000000000000000000e+00 5.526315789473684736e-01 2.956521739130434923e-01 5.960264900662251564e-02 1.948051948051948146e-01 2.739726027397260122e-02 2.500000000000000139e-02
1.000000000000000000e+00 6.052631578947368363e-01 7.304347826086956541e-01 1.655629139072847811e-01 1.948051948051948146e-01 1.541095890410958957e-01 2.000000000000000111e-01
1.000000000000000000e+00 7.894736842105263275e-01 4.782608695652174058e-01 1.523178807947019875e-01 2.597402597402597157e-01 8.561643835616437881e-02 1.000000000000000056e-01
1.000000000000000000e+00 6.052631578947368363e-01 2.086956521739130321e-01 2.052980132450331063e-01 2.727272727272727071e-01 9.589041095890410427e-02 1.499999999999999944e-01
1.000000000000000000e+00 6.052631578947368363e-01 4.956521739130435034e-01 1.324503311258278249e-01 2.597402597402597157e-01 4.109589041095890183e-02 2.000000000000000111e-01
1.000000000000000000e+00 1.000000000000000000e+00 4.521739130434782594e-01 9.933774834437085477e-02 3.246753246753246724e-01 2.739726027397260122e-02 5.000000000000000278e-02
0.000000000000000000e+00 6.052631578947368363e-01 3.826086956521739246e-01 1.125827814569536484e-01 7.792207792207792028e-02 2.054794520547945091e-02 2.500000000000000139e-02
1.000000000000000000e+00 7.105263157894736725e-01 2.956521739130434923e-01 1.125827814569536484e-01 2.337662337662337608e-01 5.821917808219177759e-02 2.500000000000000000e-01
0.000000000000000000e+00 6.052631578947368363e-01 2.869565217391304435e-01 1.258278145695364281e-01 1.688311688311688319e-01 2.397260273972602607e-02 0.000000000000000000e+00
1.000000000000000000e+00 5.789473684210526550e-01 5.478260869565216851e-01 1.589403973509933843e-01 2.337662337662337608e-01 5.479452054794520244e-02 2.000000000000000111e-01
1.000000000000000000e+00 6.578947368421053099e-01 6.347826086956521729e-01 1.986754966887417095e-01 5.714285714285713969e-01 5.616438356164383805e-01 2.000000000000000111e-01
0.000000000000000000e+00 7.368421052631578538e-01 5.565217391304347894e-01 9.271523178807947185e-02 1.558441558441558406e-01 7.191780821917807820e-02 1.000000000000000056e-01
0.000000000000000000e+00 6.842105263157894912e-01 4.086956521739130710e-01 9.933774834437085477e-02 1.818181818181818232e-01 5.821917808219177759e-02 2.500000000000000139e-02
1.000000000000000000e+00 8.947368421052631637e-01 3.130434782608695898e-01 8.609271523178807506e-02 1.818181818181818232e-01 2.054794520547945091e-02 2.500000000000000000e-01
0.000000000000000000e+00 7.105263157894736725e-01 3.826086956521739246e-01 1.258278145695364281e-01 1.298701298701298579e-01 2.397260273972602607e-02 2.500000000000000139e-02
0.000000000000000000e+00 7.105263157894736725e-01 4.869565217391304546e-01 4.370860927152317998e-01 3.506493506493506551e-01 2.705479452054794787e-01 3.499999999999999778e-01
0.000000000000000000e+00 6.052631578947368363e-01 3.739130434782608758e-01 1.059602649006622516e-01 2.077922077922078059e-01 1.712328767123287576e-02 2.500000000000000139e-02
1.000000000000000000e+00 9.473684210526315264e-01 3.652173913043478271e-01 9.271523178807947185e-02 2.077922077922078059e-01 5.821917808219177759e-02 2.500000000000000139e-02
1.000000000000000000e+00 6.842105263157894912e-01 4.782608695652174058e-01 1.986754966887417095e-01 2.467532467532467522e-01 1.061643835616438297e-01 0.000000000000000000e+00
1.000000000000000000e+00 8.421052631578946901e-01 5.999999999999999778e-01 1.192052980132450313e-01 2.987012987012986898e-01 1.506849315068493067e-01 5.999999999999999778e-01
1.000000000000000000e+00 6.052631578947368363e-01 2.956521739130434923e-01 3.311258278145695622e-02 1.298701298701298579e-01 3.767123287671232668e-02 1.000000000000000056e-01
1.000000000000000000e+00 6.842105263157894912e-01 3.565217391304347783e-01 1.125827814569536484e-01 1.558441558441558406e-01 7.191780821917807820e-02 1.499999999999999944e-01
1.000000000000000000e+00 5.789473684210526550e-01 2.956521739130434923e-01 1.721854304635761501e-01 3.246753246753246724e-01 5.821917808219177759e-02 2.500000000000000139e-02
0.000000000000000000e+00 6.842105263157894912e-01 1.000000000000000000e+00 2.715231788079470188e-01 2.077922077922078059e-01 1.472602739726027454e-01 5.000000000000000000e-01
1.000000000000000000e+00 8.157894736842105088e-01 2.869565217391304435e-01 2.251655629139072967e-01 2.727272727272727071e-01 6.164383561643835274e-02 2.500000000000000000e-01
1.000000000000000000e+00 7.631578947368421462e-01 3.043478260869565410e-01 1.125827814569536484e-01 1.688311688311688319e-01 7.191780821917807820e-02 1.000000000000000056e-01
0.000000000000000000e+00 5.526315789473684736e-01 4.695652173913043570e-01 1.390728476821191939e-01 1.818181818181818232e-01 4.452054794520547698e-02 2.500000000000000139e-02
